# Number, Name, GPSTime, IFAR, Pastro, Bank, SNR_H, SNR_L
1 GW190530_030659 1243220837.9516602 0.095 0.63 [4, 2] 5.876 6.0
2 GW190711_030756 1246849694.628418 38.721 0.99 [7, 1] 5.703 8.299
3 GW190707_083226 1246523564.9475098 0.296 0.81 [7, 1] 7.028 6.344
4 GW190906_054335 1251783833.5065918 0.064 0.55 [7, 1] 5.225 6.607
5 GW190806_033721 1249097859.923584 0.459 0.86 [8, 1] 5.979 5.812
6 GW190818_232544 1250205962.3293457 0.225 0.77 [8, 1] 6.921 5.986
7 GW190511_163209 1241627547.6362305 0.085 0.61 [8, 0] 6.9 6.477
8 GW190524_134109 1242740487.3374023 0.426 0.85 [10, 0] 4.824 6.661
9 GW190615_030234 1244602972.855957 0.195 0.75 [10, 0] 4.908 7.104
10 GW190604_103812 1243679910.9370117 0.128 0.68 [12, 0] 5.44 6.172
11 GW190911_195101 1252266679.5856934 0.061 0.54 [12, 0] 5.034 7.442
12 GW190530_133833 1243258731.668213 0.058 0.53 [12, 0] 6.182 5.634
13 GW190605_025957 1243738815.4174805 0.586 0.88 [13, 0] 6.555 6.819
14 GW190707_093326 1246527224.1262207 inf 1.0 [0, 3] 7.847 10.746
15 GW190728_064510 1248331528.4836426 inf 1.0 [0, 3] 7.91 10.714
16 GW190924_021846 1253326744.7495117 580.822 1.0 [0, 1] 5.99 10.196
17 GW190720_000836 1247616534.6589355 580.822 1.0 [0, 3] 6.852 7.629
18 GW190512_180714 1241719652.402832 inf 1.0 [1, 2] 5.882 10.446
19 GW190408_181802 1238782700.2697754 inf 1.0 [2, 2] 9.253 9.997
20 GW190517_055101 1242107479.8095703 inf 1.0 [2, 2] 6.906 7.688
21 GW190412_053044 1239082262.1218262 inf 1.0 [3, 2] 8.899 15.656
22 GW190513_205428 1241816086.727539 inf 1.0 [4, 2] 9.576 7.587
23 GW190828_063405 1251009263.739746 inf 1.0 [4, 2] 10.751 12.126
24 GW190915_235702 1252627040.6745605 inf 1.0 [4, 2] 9.611 8.781
25 GW190503_185404 1240944862.2844238 580.822 1.0 [4, 2] 9.389 7.584
26 GW190521_074359 1242459857.444336 inf 1.0 [6, 2] 12.585 21.207
27 GW190727_060333 1248242631.9714355 inf 1.0 [6, 2] 8.62 8.238
28 GW190413_052954 1239168612.4865723 10.19 0.98 [6, 2] 5.364 7.383
29 GW190926_050336 1253509434.0578613 1.583 0.94 [6, 0] 6.977 6.035
30 GW190527_092055 1242984073.769043 4.119 0.97 [6, 1] 5.235 7.343
31 GW190803_022701 1248834439.868164 5.639 0.97 [6, 2] 5.895 7.277
32 GW190731_140936 1248617394.619873 4.722 0.97 [6, 2] 5.627 6.603
33 GW190805_211137 1249074715.3286133 12.907 0.99 [6, 2] 4.773 7.292
34 GW190519_153544 1242315362.3764648 inf 1.0 [7, 1] 9.708 11.531
35 GW190413_134308 1239198206.7233887 580.822 1.0 [7, 1] 4.929 8.238
36 GW190421_213856 1239917954.2399902 580.822 1.0 [7, 1] 8.828 6.522
37 GW190909_114149 1252064527.6940918 0.102 0.64 [7, 1] 6.436 5.997
38 GW190514_065416 1241852074.8320312 2.504 0.96 [7, 1] 6.527 5.621
39 GW190706_222641 1246487219.3149414 inf 1.0 [8, 1] 9.677 8.539
40 GW190719_215514 1247608532.892334 0.351 0.83 [8, 1] 5.685 6.705
41 GW190916_200658 1252699636.878418 5.007 0.97 [8, 1] 6.103 5.847
42 GW190602_175927 1243533585.0732422 580.822 1.0 [9, 0] 6.82 10.586
43 GW190929_012149 1253755327.4865723 1.604 0.94 [9, 0] 6.575 8.667
44 GW191224_043228 1261197166.1125488 0.535 0.88 [1, 0] 5.285 6.84
45 GW200301_211019 1267132237.6452637 0.07 0.56 [1, 2] 6.039 6.192
46 GW200106_134123 1262353301.9177246 0.107 0.65 [6, 2] 6.51 6.719
47 GW200318_191337 1268594035.1276855 0.663 0.9 [7, 1] 5.239 6.618
48 GW200214_223306 1265754804.9782715 0.134 0.69 [8, 1] 6.127 5.692
49 GW200304_172806 1267378104.2041016 0.114 0.66 [8, 1] 6.391 5.3
50 GW191113_103541 1257676559.5012207 0.205 0.76 [9, 0] 6.035 6.252
51 GW200210_100022 1265364040.802246 0.078 0.58 [9, 0] 5.408 5.991
52 GW200109_195634 1262635012.807373 0.235 0.78 [10, 0] 6.526 6.016
53 GW191228_195619 1261598197.1296387 0.12 0.67 [14, 0] 4.509 9.458
54 GW191204_171526 1259514944.041504 inf 1.0 [0, 3] 9.778 13.605
55 GW191105_143521 1256999739.8842773 15.073 0.99 [0, 3] 5.772 8.134
56 GW191103_012549 1256779567.4863281 1.998 0.96 [0, 3] 6.413 6.78
57 GW191126_115259 1258804397.5930176 0.999 0.92 [0, 4] 6.187 6.946
58 GW191129_134029 1259070047.1206055 inf 1.0 [1, 0] 8.283 9.405
59 GW200316_215756 1268431094.1044922 105.512 1.0 [1, 0] 5.402 7.888
60 GW200225_060421 1266645879.3757324 inf 1.0 [1, 1] 8.755 6.939
61 GW200202_154313 1264693411.482666 7.993 0.99 [1, 0] 4.92 9.394
62 GW191215_223052 1260484270.3156738 inf 1.0 [2, 2] 6.929 8.241
63 GW191204_110529 1259492747.527588 14.258 0.99 [2, 2] 5.701 8.097
64 GW200311_115853 1267963151.3811035 inf 1.0 [4, 2] 12.498 10.41
65 GW200209_085452 1265273710.1625977 2.145 0.96 [4, 2] 8.019 6.081
66 GW200224_222234 1266618172.3850098 inf 1.0 [6, 2] 12.704 12.815
67 GW200208_130117 1265202095.9362793 87.927 1.0 [6, 2] 6.473 7.938
68 GW200128_022011 1264213229.8864746 527.562 1.0 [6, 2] 7.69 7.205
69 GW200219_094415 1266140673.185791 105.512 1.0 [6, 2] 6.251 8.818
70 GW200220_124850 1266238148.1398926 4.669 0.98 [6, 2] 6.468 5.994
71 GW191222_033537 1261020955.1074219 0.325 0.82 [7, 1] 9.729 8.309
72 GW191230_180458 1261764316.3876953 175.854 1.0 [8, 1] 7.501 7.468
73 GW191127_050227 1258866165.5310059 15.073 0.99 [8, 1] 7.4 6.386
74 GW200216_220804 1265926102.861084 2.719 0.97 [8, 1] 7.042 7.01